    0.0624
   -0.0015
   -0.0512
   -0.0690
   -0.0584
   -0.0327
   -0.0012
    0.0316
    0.0589
    0.0691
    0.0531
    0.0153
   -0.0261
   -0.0499
   -0.0468
   -0.0235
    0.0056
    0.0289
    0.0410
    0.0411
    0.0293
    0.0081
   -0.0154
   -0.0318
   -0.0344
   -0.0226
   -0.0024
    0.0179
    0.0308
    0.0325
    0.0230
    0.0064
   -0.0105
   -0.0207
   -0.0209
   -0.0122
    0.0013
    0.0146
    0.0235
    0.0252
    0.0186
    0.0064
   -0.0059
   -0.0129
   -0.0125
   -0.0066
    0.0013
    0.0081
    0.0124
    0.0134
    0.0108
    0.0052
   -0.0012
   -0.0056
   -0.0059
   -0.0017
    0.0049
    0.0106
    0.0132
    0.0124
    0.0100
    0.0065
    0.0018
   -0.0035
   -0.0074
   -0.0069
   -0.0016
    0.0057
    0.0110
    0.0120
