0.007336
-0.050736
-0.076402
-0.092856
-0.104428
-0.089138
-0.032127
0.046816
0.104673
0.109079
0.062426
-0.002972
-0.051411
-0.066850
-0.055649
-0.031551
-0.001674
0.031445
0.059649
0.068662
0.049971
0.011006
-0.028401
-0.049673
-0.046464
-0.025192
0.002277
0.025996
0.040318
0.042414
0.031407
0.010089
-0.013743
-0.029963
-0.031788
-0.019597
0.000061
0.018661
0.029659
0.030317
0.021626
0.007295
-0.007506
-0.017597
-0.019461
-0.012688
-0.000287
0.012602
0.021015
0.022186
0.016375
0.006371
-0.003830
-0.010574
-0.011759
-0.007397
0.000566
0.009035
0.014889
0.016123
0.012578
0.005923
-0.001114
-0.005894
-0.006861
-0.004002
0.001325
0.007007
0.010983
0.011947
0.009755
0.005417
0.000679
-0.002675
-0.003506
-0.001709
0.001841
0.005705
0.008457
0.009191
0.007798
0.004942
0.001768
-0.000541
-0.001202
-0.000094
0.002243
0.004858
0.006771
0.007341
