   -0.0627
    0.0432
    0.0625
    0.0156
   -0.0113
    0.0190
    0.0609
    0.0546
   -0.0021
   -0.0566
   -0.0632
   -0.0253
    0.0186
    0.0380
    0.0334
    0.0232
    0.0179
    0.0125
   -0.0011
   -0.0194
   -0.0293
   -0.0221
   -0.0021
    0.0184
    0.0291
    0.0277
    0.0180
    0.0057
   -0.0052
   -0.0123
   -0.0140
   -0.0093
    0.0005
    0.0115
    0.0186
    0.0187
    0.0129
    0.0045
   -0.0029
   -0.0068
   -0.0066
   -0.0031
    0.0020
    0.0073
    0.0121
    0.0153
    0.0148
    0.0090
   -0.0002
   -0.0083
   -0.0107
   -0.0067
    0.0003
    0.0061
    0.0091
    0.0103
    0.0107
    0.0094
    0.0058
    0.0005
   -0.0039
   -0.0051
   -0.0023
    0.0028
    0.0078
    0.0103
    0.0095
    0.0063
    0.0026
    0.0002