0.191151
0.139028
-0.092993
-0.205017
-0.045480
0.202253
0.245389
0.044944
-0.168431
-0.177560
-0.023143
0.083461
0.052098
-0.019169
-0.020577
0.039520
0.079903
0.054312
-0.013720
-0.066801
-0.065287
-0.019525
0.024480
0.035552
0.024534
0.018319
0.022071
0.019100
0.000126
-0.022473
-0.030576
-0.020070
-0.000627
0.016767
0.026319
0.026307
0.018036
0.005774
-0.005391
-0.012244
-0.013676
-0.009636
-0.001249
0.008711
0.016602
0.019401
0.015833
0.007178
-0.002655
-0.008956
-0.009266
-0.004759
0.001509
0.007213
0.011354
0.013163
0.011678
0.006830
0.000440
-0.004465
-0.005609
-0.002903
0.001828
0.006336
0.009190
0.009931
0.008619
0.005619
0.001824
-0.001325
-0.002455
-0.001115
0.001923
0.005207
0.007450
0.008037
0.007016
0.004878
0.002380
0.000396
-0.000349
0.000397
0.002266
0.004447
0.006080
0.006619
0.005984
0.004510
0.002784
0.001439
