   -0.1415
   -0.0831
    0.0177
    0.1164
    0.1631
    0.1374
    0.0601
   -0.0263
   -0.0867
   -0.1072
   -0.0893
   -0.0424
    0.0183
    0.0724
    0.1002
    0.0911
    0.0496
   -0.0068
   -0.0548
   -0.0762
   -0.0649
   -0.0282
    0.0168
    0.0520
    0.0657
    0.0561
    0.0295
   -0.0038
   -0.0324
   -0.0471
   -0.0432
   -0.0230
    0.0051
    0.0302
    0.0433
    0.0407
    0.0242
    0.0006
   -0.0214
   -0.0333
   -0.0308
   -0.0157
    0.0055
    0.0243
    0.0339
    0.0316
    0.0198
    0.0041
   -0.0096
   -0.0167
   -0.0155
   -0.0070
    0.0055
    0.0173
    0.0237
    0.0224
    0.0147
    0.0045
   -0.0041
   -0.0086
   -0.0085
   -0.0043
    0.0026
    0.0099
    0.0147
    0.0155
    0.0121
    0.0063
    0.0006
   -0.0027