-0.335641
-0.183904
0.086489
0.216173
0.199894
0.138741
0.049533
-0.049327
-0.108268
-0.133346
-0.143672
-0.099353
0.015733
0.128043
0.165028
0.129836
0.057331
-0.025181
-0.087053
-0.105908
-0.087677
-0.046177
0.012235
0.070784
0.101460
0.090758
0.047998
-0.007784
-0.055698
-0.077095
-0.065594
-0.030555
0.012212
0.048266
0.066085
0.060150
0.034185
-0.001103
-0.032835
-0.049557
-0.045193
-0.022577
0.007820
0.033664
0.046063
0.041997
0.024511
0.000985
-0.019915
-0.031113
-0.029102
-0.015170
0.004809
0.022799
0.032133
0.030101
0.018504
0.002438
-0.011919
-0.019604
-0.018419
-0.009407
0.003672
0.015760
0.022446
0.021642
0.014218
0.003434
-0.006482
-0.011978
-0.011417
-0.005491
0.003236
0.011390
0.016050
0.015776
0.011032
0.003883
-0.002875
-0.006792
-0.006648
-0.002809
0.003030
0.008582
0.011847
0.011818
0.008759
0.004013
-0.000564
-0.003317
