-0.004555
0.073419
-0.050475
-0.144969
-0.058297
0.038177
0.068089
0.081565
0.046740
-0.037515
-0.073984
-0.030064
0.025901
0.033169
-0.008321
-0.038382
-0.000451
0.065266
0.069878
0.009392
-0.042283
-0.043418
-0.013136
0.014795
0.019742
0.005173
-0.002760
0.011479
0.029001
0.023315
-0.003377
-0.024531
-0.021551
-0.002410
0.012038
0.013304
0.009569
0.009222
0.010838
0.009060
0.002269
-0.006063
-0.009903
-0.005825
0.002963
0.009819
0.011630
0.010199
0.007887
0.004952
0.001161
-0.002282
-0.003463
-0.001688
0.001999
0.005885
0.008544
0.009106
0.007477
0.004476
0.001397
-0.000653
-0.001048
0.000244
0.002590
0.004981
0.006597
0.007056
0.006292
0.004508
0.002326
0.000679
0.000290
0.001205
0.002858
0.004506
0.005600
0.005881
0.005341
0.004189
0.002824
0.001746
0.001378
0.001860
0.002944
0.004129
0.004942
0.005146
0.004760
0.003973
